(kicad_pcb (version 20171130) (host pcbnew "(5.1.5-0-10_14)")

  (general
    (thickness 1.6)
    (drawings 0)
    (tracks 0)
    (zones 0)
    (modules 34)
    (nets 130)
  )

  (page A4)
  (layers
    (0 F.Cu signal)
    (31 B.Cu signal)
    (32 B.Adhes user)
    (33 F.Adhes user)
    (34 B.Paste user)
    (35 F.Paste user)
    (36 B.SilkS user)
    (37 F.SilkS user)
    (38 B.Mask user)
    (39 F.Mask user)
    (40 Dwgs.User user)
    (41 Cmts.User user)
    (42 Eco1.User user)
    (43 Eco2.User user)
    (44 Edge.Cuts user)
    (45 Margin user)
    (46 B.CrtYd user)
    (47 F.CrtYd user)
    (48 B.Fab user)
    (49 F.Fab user)
  )

  (setup
    (last_trace_width 0.25)
    (trace_clearance 0.2)
    (zone_clearance 0.508)
    (zone_45_only no)
    (trace_min 0.2)
    (via_size 0.8)
    (via_drill 0.4)
    (via_min_size 0.4)
    (via_min_drill 0.3)
    (uvia_size 0.3)
    (uvia_drill 0.1)
    (uvias_allowed no)
    (uvia_min_size 0.2)
    (uvia_min_drill 0.1)
    (edge_width 0.05)
    (segment_width 0.2)
    (pcb_text_width 0.3)
    (pcb_text_size 1.5 1.5)
    (mod_edge_width 0.12)
    (mod_text_size 1 1)
    (mod_text_width 0.15)
    (pad_size 1.524 1.524)
    (pad_drill 0.762)
    (pad_to_mask_clearance 0.051)
    (solder_mask_min_width 0.25)
    (aux_axis_origin 0 0)
    (visible_elements FFFFFF7F)
    (pcbplotparams
      (layerselection 0x010fc_ffffffff)
      (usegerberextensions false)
      (usegerberattributes false)
      (usegerberadvancedattributes false)
      (creategerberjobfile false)
      (excludeedgelayer true)
      (linewidth 0.100000)
      (plotframeref false)
      (viasonmask false)
      (mode 1)
      (useauxorigin false)
      (hpglpennumber 1)
      (hpglpenspeed 20)
      (hpglpendiameter 15.000000)
      (psnegative false)
      (psa4output false)
      (plotreference true)
      (plotvalue true)
      (plotinvisibletext false)
      (padsonsilk false)
      (subtractmaskfromsilk false)
      (outputformat 1)
      (mirror false)
      (drillshape 1)
      (scaleselection 1)
      (outputdirectory ""))
  )

  (net 0 "")
  (net 1 DTR)
  (net 2 RESET)
  (net 3 BOOT)
  (net 4 GND)
  (net 5 +3V3)
  (net 6 "Net-(C6-Pad1)")
  (net 7 "Net-(C7-Pad1)")
  (net 8 "Net-(C8-Pad1)")
  (net 9 "Net-(C12-Pad1)")
  (net 10 "Net-(D1-Pad2)")
  (net 11 TX0)
  (net 12 RXI)
  (net 13 "Net-(D2-Pad2)")
  (net 14 "Net-(J1-PadS1)")
  (net 15 "Net-(J1-PadA2)")
  (net 16 "Net-(J1-PadA3)")
  (net 17 "Net-(J1-PadA4)")
  (net 18 "Net-(J1-PadA5)")
  (net 19 "Net-(J1-PadA6)")
  (net 20 "Net-(J1-PadA7)")
  (net 21 "Net-(J1-PadA10)")
  (net 22 "Net-(J1-PadA8)")
  (net 23 "Net-(J1-PadA11)")
  (net 24 "Net-(J1-PadB6)")
  (net 25 "Net-(J1-PadB7)")
  (net 26 "Net-(J1-PadB2)")
  (net 27 "Net-(J1-PadB3)")
  (net 28 "Net-(J1-PadB5)")
  (net 29 "Net-(J1-PadB8)")
  (net 30 "Net-(J1-PadB10)")
  (net 31 "Net-(J1-PadB11)")
  (net 32 "Net-(MD1-Pad32)")
  (net 33 "Net-(MD1-Pad30)")
  (net 34 "Net-(MD1-Pad28)")
  (net 35 "Net-(MD1-Pad26)")
  (net 36 "Net-(MD1-Pad24)")
  (net 37 "Net-(MD1-Pad33)")
  (net 38 "Net-(MD1-Pad31)")
  (net 39 "Net-(MD1-Pad29)")
  (net 40 "Net-(MD1-Pad27)")
  (net 41 "Net-(MD1-Pad25)")
  (net 42 "Net-(MD1-Pad23)")
  (net 43 "Net-(MD1-Pad57)")
  (net 44 "Net-(MD1-Pad55)")
  (net 45 "Net-(MD1-Pad53)")
  (net 46 "Net-(MD1-Pad51)")
  (net 47 RX0)
  (net 48 "Net-(MD1-Pad45)")
  (net 49 "Net-(MD1-Pad43)")
  (net 50 "Net-(MD1-Pad41)")
  (net 51 "Net-(MD1-Pad58)")
  (net 52 "Net-(MD1-Pad54)")
  (net 53 "Net-(MD1-Pad52)")
  (net 54 nReset)
  (net 55 TXO)
  (net 56 "Net-(MD1-Pad46)")
  (net 57 "Net-(MD1-Pad44)")
  (net 58 "Net-(MD1-Pad42)")
  (net 59 "Net-(MD1-Pad40)")
  (net 60 "Net-(MD1-Pad21)")
  (net 61 "Net-(MD1-Pad20)")
  (net 62 TRANS_RX)
  (net 63 "Net-(MD1-Pad16)")
  (net 64 "Net-(MD1-Pad14)")
  (net 65 "Net-(MD1-Pad12)")
  (net 66 "Net-(MD1-Pad10)")
  (net 67 "Net-(MD1-Pad8)")
  (net 68 "Net-(MD1-Pad6)")
  (net 69 "Net-(MD1-Pad2)")
  (net 70 "Net-(MD1-Pad19)")
  (net 71 TRANS_TX)
  (net 72 "Net-(MD1-Pad15)")
  (net 73 "Net-(MD1-Pad13)")
  (net 74 "Net-(MD1-Pad11)")
  (net 75 "Net-(MD1-Pad9)")
  (net 76 "Net-(MD1-Pad5)")
  (net 77 "Net-(MD1-Pad3)")
  (net 78 "Net-(U1-Pad6)")
  (net 79 "Net-(U1-Pad5)")
  (net 80 RTS)
  (net 81 "Net-(U2-Pad5)")
  (net 82 "Net-(U2-Pad6)")
  (net 83 "Net-(U2-Pad7)")
  (net 84 "Net-(U2-Pad8)")
  (net 85 "Net-(U2-Pad9)")
  (net 86 "Net-(U2-Pad10)")
  (net 87 "Net-(U2-Pad12)")
  (net 88 "Net-(U2-Pad14)")
  (net 89 "Net-(U2-Pad15)")
  (net 90 "Net-(U2-Pad16)")
  (net 91 "Net-(U2-Pad17)")
  (net 92 "Net-(U2-Pad18)")
  (net 93 "Net-(U2-Pad19)")
  (net 94 "Net-(U2-Pad20)")
  (net 95 "Net-(U2-Pad21)")
  (net 96 "Net-(U2-Pad23)")
  (net 97 "Net-(U2-Pad24)")
  (net 98 "Net-(U2-Pad25)")
  (net 99 "Net-(U2-Pad26)")
  (net 100 "Net-(U2-Pad27)")
  (net 101 "Net-(U2-Pad28)")
  (net 102 "Net-(U2-Pad29)")
  (net 103 "Net-(U2-Pad30)")
  (net 104 "Net-(U2-Pad31)")
  (net 105 "Net-(U2-Pad32)")
  (net 106 "Net-(U2-Pad33)")
  (net 107 "Net-(U2-Pad34)")
  (net 108 "Net-(U2-Pad37)")
  (net 109 "Net-(U3-Pad4)")
  (net 110 "Net-(U3-Pad5)")
  (net 111 "Net-(U3-Pad9)")
  (net 112 "Net-(U3-Pad13)")
  (net 113 "Net-(U3-Pad14)")
  (net 114 "Net-(U3-Pad15)")
  (net 115 "Net-(U3-Pad16)")
  (net 116 "Net-(U3-Pad17)")
  (net 117 "Net-(U3-Pad18)")
  (net 118 "Net-(U5-Pad4)")
  (net 119 Pressure_SCL)
  (net 120 Pressure_SDA)
  (net 121 "Net-(U5-Pad6)")
  (net 122 "Net-(AE1-Pad2)")
  (net 123 "Net-(AE1-Pad3)")
  (net 124 "Net-(C11-Pad1)")
  (net 125 "Net-(J2-Pad1)")
  (net 126 "Net-(FB2-Pad1)")
  (net 127 "Net-(FB1-Pad1)")
  (net 128 GPS_RX)
  (net 129 GPS_TX)

  (net_class Default "This is the default net class."
    (clearance 0.2)
    (trace_width 0.25)
    (via_dia 0.8)
    (via_drill 0.4)
    (uvia_dia 0.3)
    (uvia_drill 0.1)
    (add_net +3V3)
    (add_net BOOT)
    (add_net DTR)
    (add_net GND)
    (add_net GPS_RX)
    (add_net GPS_TX)
    (add_net "Net-(AE1-Pad2)")
    (add_net "Net-(AE1-Pad3)")
    (add_net "Net-(C11-Pad1)")
    (add_net "Net-(C12-Pad1)")
    (add_net "Net-(C6-Pad1)")
    (add_net "Net-(C7-Pad1)")
    (add_net "Net-(C8-Pad1)")
    (add_net "Net-(D1-Pad2)")
    (add_net "Net-(D2-Pad2)")
    (add_net "Net-(FB1-Pad1)")
    (add_net "Net-(FB2-Pad1)")
    (add_net "Net-(J1-PadA10)")
    (add_net "Net-(J1-PadA11)")
    (add_net "Net-(J1-PadA2)")
    (add_net "Net-(J1-PadA3)")
    (add_net "Net-(J1-PadA4)")
    (add_net "Net-(J1-PadA5)")
    (add_net "Net-(J1-PadA6)")
    (add_net "Net-(J1-PadA7)")
    (add_net "Net-(J1-PadA8)")
    (add_net "Net-(J1-PadB10)")
    (add_net "Net-(J1-PadB11)")
    (add_net "Net-(J1-PadB2)")
    (add_net "Net-(J1-PadB3)")
    (add_net "Net-(J1-PadB5)")
    (add_net "Net-(J1-PadB6)")
    (add_net "Net-(J1-PadB7)")
    (add_net "Net-(J1-PadB8)")
    (add_net "Net-(J1-PadS1)")
    (add_net "Net-(J2-Pad1)")
    (add_net "Net-(MD1-Pad10)")
    (add_net "Net-(MD1-Pad11)")
    (add_net "Net-(MD1-Pad12)")
    (add_net "Net-(MD1-Pad13)")
    (add_net "Net-(MD1-Pad14)")
    (add_net "Net-(MD1-Pad15)")
    (add_net "Net-(MD1-Pad16)")
    (add_net "Net-(MD1-Pad19)")
    (add_net "Net-(MD1-Pad2)")
    (add_net "Net-(MD1-Pad20)")
    (add_net "Net-(MD1-Pad21)")
    (add_net "Net-(MD1-Pad23)")
    (add_net "Net-(MD1-Pad24)")
    (add_net "Net-(MD1-Pad25)")
    (add_net "Net-(MD1-Pad26)")
    (add_net "Net-(MD1-Pad27)")
    (add_net "Net-(MD1-Pad28)")
    (add_net "Net-(MD1-Pad29)")
    (add_net "Net-(MD1-Pad3)")
    (add_net "Net-(MD1-Pad30)")
    (add_net "Net-(MD1-Pad31)")
    (add_net "Net-(MD1-Pad32)")
    (add_net "Net-(MD1-Pad33)")
    (add_net "Net-(MD1-Pad40)")
    (add_net "Net-(MD1-Pad41)")
    (add_net "Net-(MD1-Pad42)")
    (add_net "Net-(MD1-Pad43)")
    (add_net "Net-(MD1-Pad44)")
    (add_net "Net-(MD1-Pad45)")
    (add_net "Net-(MD1-Pad46)")
    (add_net "Net-(MD1-Pad5)")
    (add_net "Net-(MD1-Pad51)")
    (add_net "Net-(MD1-Pad52)")
    (add_net "Net-(MD1-Pad53)")
    (add_net "Net-(MD1-Pad54)")
    (add_net "Net-(MD1-Pad55)")
    (add_net "Net-(MD1-Pad57)")
    (add_net "Net-(MD1-Pad58)")
    (add_net "Net-(MD1-Pad6)")
    (add_net "Net-(MD1-Pad8)")
    (add_net "Net-(MD1-Pad9)")
    (add_net "Net-(U1-Pad5)")
    (add_net "Net-(U1-Pad6)")
    (add_net "Net-(U2-Pad10)")
    (add_net "Net-(U2-Pad12)")
    (add_net "Net-(U2-Pad14)")
    (add_net "Net-(U2-Pad15)")
    (add_net "Net-(U2-Pad16)")
    (add_net "Net-(U2-Pad17)")
    (add_net "Net-(U2-Pad18)")
    (add_net "Net-(U2-Pad19)")
    (add_net "Net-(U2-Pad20)")
    (add_net "Net-(U2-Pad21)")
    (add_net "Net-(U2-Pad23)")
    (add_net "Net-(U2-Pad24)")
    (add_net "Net-(U2-Pad25)")
    (add_net "Net-(U2-Pad26)")
    (add_net "Net-(U2-Pad27)")
    (add_net "Net-(U2-Pad28)")
    (add_net "Net-(U2-Pad29)")
    (add_net "Net-(U2-Pad30)")
    (add_net "Net-(U2-Pad31)")
    (add_net "Net-(U2-Pad32)")
    (add_net "Net-(U2-Pad33)")
    (add_net "Net-(U2-Pad34)")
    (add_net "Net-(U2-Pad37)")
    (add_net "Net-(U2-Pad5)")
    (add_net "Net-(U2-Pad6)")
    (add_net "Net-(U2-Pad7)")
    (add_net "Net-(U2-Pad8)")
    (add_net "Net-(U2-Pad9)")
    (add_net "Net-(U3-Pad13)")
    (add_net "Net-(U3-Pad14)")
    (add_net "Net-(U3-Pad15)")
    (add_net "Net-(U3-Pad16)")
    (add_net "Net-(U3-Pad17)")
    (add_net "Net-(U3-Pad18)")
    (add_net "Net-(U3-Pad4)")
    (add_net "Net-(U3-Pad5)")
    (add_net "Net-(U3-Pad9)")
    (add_net "Net-(U5-Pad4)")
    (add_net "Net-(U5-Pad6)")
    (add_net Pressure_SCL)
    (add_net Pressure_SDA)
    (add_net RESET)
    (add_net RTS)
    (add_net RX0)
    (add_net RXI)
    (add_net TRANS_RX)
    (add_net TRANS_TX)
    (add_net TX0)
    (add_net TXO)
    (add_net nReset)
  )

  (module Sparkfun-Artemis:AMASS_XT60-M (layer F.Cu) (tedit 5E756AB4) (tstamp 5E75CDCA)
    (at 162.56 33.02)
    (path /5E70B79C/5E759DF8)
    (fp_text reference J3 (at -4.92842 -5.03849) (layer F.SilkS)
      (effects (font (size 1.000693 1.000693) (thickness 0.015)))
    )
    (fp_text value XT60-M (at -0.48032 4.968395) (layer F.Fab)
      (effects (font (size 1.000685 1.000685) (thickness 0.015)))
    )
    (fp_line (start -4.75 -4.05) (end 7.75 -4.05) (layer F.Fab) (width 0.127))
    (fp_line (start 7.75 -4.05) (end 7.75 4.05) (layer F.Fab) (width 0.127))
    (fp_line (start 7.75 4.05) (end -4.75 4.05) (layer F.Fab) (width 0.127))
    (fp_line (start -4.75 -4.05) (end 7.75 -4.05) (layer F.SilkS) (width 0.127))
    (fp_line (start 7.75 -4.05) (end 7.75 4.05) (layer F.SilkS) (width 0.127))
    (fp_line (start 7.75 4.05) (end -4.75 4.05) (layer F.SilkS) (width 0.127))
    (fp_line (start -8 4.3) (end -8 -4.3) (layer F.CrtYd) (width 0.05))
    (fp_line (start -8 -4.3) (end 8 -4.3) (layer F.CrtYd) (width 0.05))
    (fp_line (start 8 -4.3) (end 8 4.3) (layer F.CrtYd) (width 0.05))
    (fp_line (start 8 4.3) (end -8 4.3) (layer F.CrtYd) (width 0.05))
    (fp_line (start -7.75 1.4) (end -7.75 -1.4) (layer F.Fab) (width 0.127))
    (fp_line (start -4.75 -4.05) (end -7.75 -1.4) (layer F.Fab) (width 0.127))
    (fp_line (start -4.75 4.05) (end -7.75 1.4) (layer F.Fab) (width 0.127))
    (fp_line (start -7.75 1.4) (end -7.75 -1.4) (layer F.SilkS) (width 0.127))
    (fp_line (start -4.75 -4.05) (end -5.88 -3.05) (layer F.SilkS) (width 0.127))
    (fp_line (start -7.75 -1.4) (end -6.73 -2.3) (layer F.SilkS) (width 0.127))
    (fp_line (start -4.75 4.05) (end -5.88 3.05) (layer F.SilkS) (width 0.127))
    (fp_line (start -7.75 1.4) (end -6.73 2.3) (layer F.SilkS) (width 0.127))
    (fp_circle (center -8.4 0.1) (end -8.25 0.1) (layer F.SilkS) (width 0.3))
    (pad 1 thru_hole rect (at -3.6 0) (size 5.516 5.516) (drill 4.5) (layers *.Cu *.Mask)
      (net 4 GND))
    (pad 2 thru_hole circle (at 3.6 0) (size 5.516 5.516) (drill 4.5) (layers *.Cu *.Mask)
      (net 124 "Net-(C11-Pad1)"))
  )

  (module Sparkfun-Artemis:CONN_5-1814400-1 (layer F.Cu) (tedit 5E756930) (tstamp 5E75CDB1)
    (at 107.95 38.1 270)
    (path /5E70A48E/5E7573FC)
    (fp_text reference J2 (at -0.372385 -5.091025 90) (layer F.SilkS)
      (effects (font (size 1.004732 1.004732) (thickness 0.015)))
    )
    (fp_text value 5-1814400-1 (at 6.67541 5.03017 90) (layer F.Fab)
      (effects (font (size 1.002315 1.002315) (thickness 0.015)))
    )
    (fp_line (start 3.15 -3.15) (end 3.15 3.15) (layer F.Fab) (width 0.127))
    (fp_line (start 3.15 3.15) (end -3.15 3.15) (layer F.Fab) (width 0.127))
    (fp_line (start -3.15 3.15) (end -3.15 -3.15) (layer F.Fab) (width 0.127))
    (fp_line (start -3.15 -3.15) (end 3.15 -3.15) (layer F.Fab) (width 0.127))
    (fp_line (start -11.05 -2.725) (end -11.05 2.725) (layer F.SilkS) (width 0.127))
    (fp_line (start -11.05 -2.725) (end -4 -2.725) (layer F.SilkS) (width 0.127))
    (fp_line (start -11.05 2.725) (end -4 2.725) (layer F.SilkS) (width 0.127))
    (fp_line (start -10 -3) (end -6 -3) (layer F.Fab) (width 0.127))
    (fp_line (start -6 3) (end -10 3) (layer F.SilkS) (width 0.127))
    (fp_line (start -11.05 2.725) (end -11.05 -2.725) (layer F.Fab) (width 0.127))
    (fp_line (start 3.15 -1.25) (end 3.15 1.25) (layer F.SilkS) (width 0.127))
    (fp_line (start -3.15 -1.25) (end -3.15 1.25) (layer F.SilkS) (width 0.127))
    (fp_line (start -6 -3) (end -6 -2.75) (layer F.Fab) (width 0.127))
    (fp_line (start -10 -3) (end -10 -2.75) (layer F.Fab) (width 0.127))
    (fp_line (start -10 3) (end -10 2.75) (layer F.SilkS) (width 0.127))
    (fp_line (start -6 3) (end -6 2.75) (layer F.SilkS) (width 0.127))
    (fp_line (start 3.99 -3.99) (end 3.99 3.99) (layer F.CrtYd) (width 0.05))
    (fp_line (start 3.99 3.99) (end -3.95 3.99) (layer F.CrtYd) (width 0.05))
    (fp_line (start -3.95 3.99) (end -3.95 3.25) (layer F.CrtYd) (width 0.05))
    (fp_line (start -3.95 3.25) (end -11.3 3.25) (layer F.CrtYd) (width 0.05))
    (fp_line (start -11.3 3.25) (end -11.3 -3.25) (layer F.CrtYd) (width 0.05))
    (fp_line (start -11.3 -3.25) (end -3.95 -3.25) (layer F.CrtYd) (width 0.05))
    (fp_line (start -3.95 -3.25) (end -3.95 -3.99) (layer F.CrtYd) (width 0.05))
    (fp_line (start -3.95 -3.99) (end 3.99 -3.99) (layer F.CrtYd) (width 0.05))
    (fp_line (start -11.05 -2.725) (end -3.238 -2.725) (layer F.Fab) (width 0.127))
    (fp_line (start -11.05 2.725) (end -3.238 2.725) (layer F.Fab) (width 0.127))
    (fp_line (start -10 -3) (end -6 -3) (layer F.SilkS) (width 0.127))
    (fp_line (start -6 -3) (end -6 -2.75) (layer F.SilkS) (width 0.127))
    (fp_line (start -10 -3) (end -10 -2.75) (layer F.SilkS) (width 0.127))
    (fp_line (start -6.002 3) (end -10.002 3) (layer F.Fab) (width 0.127))
    (fp_line (start -10.002 3) (end -10.002 2.75) (layer F.Fab) (width 0.127))
    (fp_line (start -6.002 3) (end -6.002 2.75) (layer F.Fab) (width 0.127))
    (pad 1 thru_hole circle (at 2.54 -2.54 270) (size 2.4 2.4) (drill 1.6) (layers *.Cu *.Mask)
      (net 125 "Net-(J2-Pad1)"))
    (pad 5 thru_hole circle (at 0 0 270) (size 2.25 2.25) (drill 1.5) (layers *.Cu *.Mask)
      (net 4 GND))
    (pad 2 thru_hole circle (at -2.54 -2.54 270) (size 2.4 2.4) (drill 1.6) (layers *.Cu *.Mask)
      (net 125 "Net-(J2-Pad1)"))
    (pad 3 thru_hole circle (at -2.54 2.54 270) (size 2.4 2.4) (drill 1.6) (layers *.Cu *.Mask)
      (net 125 "Net-(J2-Pad1)"))
    (pad 4 thru_hole circle (at 2.54 2.54 270) (size 2.4 2.4) (drill 1.6) (layers *.Cu *.Mask)
      (net 125 "Net-(J2-Pad1)"))
  )

  (module Sparkfun-Artemis:XCVR_CGGBP.35.6.A.02 (layer F.Cu) (tedit 5E75686A) (tstamp 5E75CB20)
    (at 123.19 146.05)
    (path /5E70A878/5E756F28)
    (fp_text reference AE1 (at -14.343425 -19.159615) (layer F.SilkS)
      (effects (font (size 1.001283 1.001283) (thickness 0.015)))
    )
    (fp_text value CGGBP.35.6.A.02 (at -4.3053 18.88812) (layer F.Fab)
      (effects (font (size 1.001228 1.001228) (thickness 0.015)))
    )
    (fp_circle (center 0 4.5) (end 0.925 4.5) (layer B.Cu) (width 0.65))
    (fp_circle (center 0 4.5) (end 2.5 4.5) (layer B.Cu) (width 1.5))
    (fp_circle (center 0 4.5) (end 2.375 4.5) (layer F.Cu) (width 1.75))
    (fp_circle (center 0 4.5) (end 1.5 4.5) (layer F.Fab) (width 0.1))
    (fp_line (start -17.5 -17.5) (end 17.5 -17.5) (layer F.Fab) (width 0.127))
    (fp_line (start 17.5 -17.5) (end 17.5 17.5) (layer F.Fab) (width 0.127))
    (fp_line (start 17.5 17.5) (end -17.5 17.5) (layer F.Fab) (width 0.127))
    (fp_line (start -17.5 17.5) (end -17.5 -17.5) (layer F.Fab) (width 0.127))
    (fp_poly (pts (xy -17.5243 -17.5) (xy 17.5 -17.5) (xy 17.5 1.00139) (xy -17.5243 1.00139)) (layer F.Cu) (width 0.01))
    (fp_poly (pts (xy -17.5002 1) (xy 17.5 1) (xy 17.5 2.50003) (xy -17.5002 2.50003)) (layer F.Cu) (width 0.01))
    (fp_poly (pts (xy -17.5287 6.5) (xy 17.5 6.5) (xy 17.5 17.5287) (xy -17.5287 17.5287)) (layer F.Cu) (width 0.01))
    (fp_poly (pts (xy 2.50333 1.5) (xy 17.5 1.5) (xy 17.5 8.01066) (xy 2.50333 8.01066)) (layer F.Cu) (width 0.01))
    (fp_poly (pts (xy -17.5018 1.5) (xy -2.5 1.5) (xy -2.5 8.50085) (xy -17.5018 8.50085)) (layer F.Cu) (width 0.01))
    (fp_circle (center 0 4.5) (end 0.925 4.5) (layer F.Mask) (width 0.65))
    (fp_circle (center 0 4.5) (end 0.925 4.5) (layer F.Paste) (width 0.65))
    (fp_poly (pts (xy -17.5019 -17.5) (xy 17.5 -17.5) (xy 17.5 2.50026) (xy -17.5019 2.50026)) (layer B.Cu) (width 0.01))
    (fp_poly (pts (xy -17.5139 7.5) (xy 17.5 7.5) (xy 17.5 17.5139) (xy -17.5139 17.5139)) (layer B.Cu) (width 0.01))
    (fp_poly (pts (xy -17.5344 0.5) (xy -2 0.5) (xy -2 9.01771) (xy -17.5344 9.01771)) (layer B.Cu) (width 0.01))
    (fp_poly (pts (xy 2.00007 2) (xy 17.5 2) (xy 17.5 9.00031) (xy 2.00007 9.00031)) (layer B.Cu) (width 0.01))
    (fp_poly (pts (xy -3.00275 6.5) (xy 5 6.5) (xy 5 9.50869) (xy -3.00275 9.50869)) (layer B.Cu) (width 0.01))
    (fp_line (start -17.75 -17.75) (end 17.75 -17.75) (layer F.CrtYd) (width 0.05))
    (fp_line (start 17.75 -17.75) (end 17.75 17.75) (layer F.CrtYd) (width 0.05))
    (fp_line (start 17.75 17.75) (end -17.75 17.75) (layer F.CrtYd) (width 0.05))
    (fp_line (start -17.75 17.75) (end -17.75 -17.75) (layer F.CrtYd) (width 0.05))
    (fp_circle (center 0 4.5) (end 2.5 4.5) (layer F.Mask) (width 1.5))
    (fp_circle (center 0 4.5) (end 2.5 4.5) (layer F.Paste) (width 1.5))
    (pad None np_thru_hole circle (at 0 4.5) (size 1.2 1.2) (drill 1.2) (layers *.Cu *.Mask))
    (pad 1 smd rect (at 0 3.6) (size 0.5 0.5) (layers B.Cu B.Paste B.Mask)
      (net 4 GND))
    (pad 2 smd rect (at -3 4.5) (size 1 1) (layers F.Cu)
      (net 122 "Net-(AE1-Pad2)"))
    (pad 3 smd rect (at -3 4.5) (size 1 1) (layers B.Cu)
      (net 123 "Net-(AE1-Pad3)"))
  )

  (module Capacitor_SMD:C_0805_2012Metric_Pad1.15x1.40mm_HandSolder (layer F.Cu) (tedit 5B36C52B) (tstamp 5E7572DD)
    (at 138.165001 88.005001)
    (descr "Capacitor SMD 0805 (2012 Metric), square (rectangular) end terminal, IPC_7351 nominal with elongated pad for handsoldering. (Body size source: https://docs.google.com/spreadsheets/d/1BsfQQcO9C6DZCsRaXUlFlo91Tg2WpOkGARC1WS5S8t0/edit?usp=sharing), generated with kicad-footprint-generator")
    (tags "capacitor handsolder")
    (path /5E733C14)
    (attr smd)
    (fp_text reference C1 (at 0 -1.65) (layer F.SilkS)
      (effects (font (size 1 1) (thickness 0.15)))
    )
    (fp_text value 0.1uF (at 0 1.65) (layer F.Fab)
      (effects (font (size 1 1) (thickness 0.15)))
    )
    (fp_text user %R (at 0 0) (layer F.Fab)
      (effects (font (size 0.5 0.5) (thickness 0.08)))
    )
    (fp_line (start 1.85 0.95) (end -1.85 0.95) (layer F.CrtYd) (width 0.05))
    (fp_line (start 1.85 -0.95) (end 1.85 0.95) (layer F.CrtYd) (width 0.05))
    (fp_line (start -1.85 -0.95) (end 1.85 -0.95) (layer F.CrtYd) (width 0.05))
    (fp_line (start -1.85 0.95) (end -1.85 -0.95) (layer F.CrtYd) (width 0.05))
    (fp_line (start -0.261252 0.71) (end 0.261252 0.71) (layer F.SilkS) (width 0.12))
    (fp_line (start -0.261252 -0.71) (end 0.261252 -0.71) (layer F.SilkS) (width 0.12))
    (fp_line (start 1 0.6) (end -1 0.6) (layer F.Fab) (width 0.1))
    (fp_line (start 1 -0.6) (end 1 0.6) (layer F.Fab) (width 0.1))
    (fp_line (start -1 -0.6) (end 1 -0.6) (layer F.Fab) (width 0.1))
    (fp_line (start -1 0.6) (end -1 -0.6) (layer F.Fab) (width 0.1))
    (pad 2 smd roundrect (at 1.025 0) (size 1.15 1.4) (layers F.Cu F.Paste F.Mask) (roundrect_rratio 0.217391)
      (net 1 DTR))
    (pad 1 smd roundrect (at -1.025 0) (size 1.15 1.4) (layers F.Cu F.Paste F.Mask) (roundrect_rratio 0.217391)
      (net 2 RESET))
    (model ${KISYS3DMOD}/Capacitor_SMD.3dshapes/C_0805_2012Metric.wrl
      (at (xyz 0 0 0))
      (scale (xyz 1 1 1))
      (rotate (xyz 0 0 0))
    )
  )

  (module Capacitor_SMD:C_0805_2012Metric_Pad1.15x1.40mm_HandSolder (layer F.Cu) (tedit 5B36C52B) (tstamp 5E7572EE)
    (at 185.42 105.41)
    (descr "Capacitor SMD 0805 (2012 Metric), square (rectangular) end terminal, IPC_7351 nominal with elongated pad for handsoldering. (Body size source: https://docs.google.com/spreadsheets/d/1BsfQQcO9C6DZCsRaXUlFlo91Tg2WpOkGARC1WS5S8t0/edit?usp=sharing), generated with kicad-footprint-generator")
    (tags "capacitor handsolder")
    (path /5E72BBB4)
    (attr smd)
    (fp_text reference C2 (at 0 -1.65) (layer F.SilkS)
      (effects (font (size 1 1) (thickness 0.15)))
    )
    (fp_text value CAP (at 0 1.65) (layer F.Fab)
      (effects (font (size 1 1) (thickness 0.15)))
    )
    (fp_text user %R (at 0 0) (layer F.Fab)
      (effects (font (size 0.5 0.5) (thickness 0.08)))
    )
    (fp_line (start 1.85 0.95) (end -1.85 0.95) (layer F.CrtYd) (width 0.05))
    (fp_line (start 1.85 -0.95) (end 1.85 0.95) (layer F.CrtYd) (width 0.05))
    (fp_line (start -1.85 -0.95) (end 1.85 -0.95) (layer F.CrtYd) (width 0.05))
    (fp_line (start -1.85 0.95) (end -1.85 -0.95) (layer F.CrtYd) (width 0.05))
    (fp_line (start -0.261252 0.71) (end 0.261252 0.71) (layer F.SilkS) (width 0.12))
    (fp_line (start -0.261252 -0.71) (end 0.261252 -0.71) (layer F.SilkS) (width 0.12))
    (fp_line (start 1 0.6) (end -1 0.6) (layer F.Fab) (width 0.1))
    (fp_line (start 1 -0.6) (end 1 0.6) (layer F.Fab) (width 0.1))
    (fp_line (start -1 -0.6) (end 1 -0.6) (layer F.Fab) (width 0.1))
    (fp_line (start -1 0.6) (end -1 -0.6) (layer F.Fab) (width 0.1))
    (pad 2 smd roundrect (at 1.025 0) (size 1.15 1.4) (layers F.Cu F.Paste F.Mask) (roundrect_rratio 0.217391)
      (net 1 DTR))
    (pad 1 smd roundrect (at -1.025 0) (size 1.15 1.4) (layers F.Cu F.Paste F.Mask) (roundrect_rratio 0.217391)
      (net 3 BOOT))
    (model ${KISYS3DMOD}/Capacitor_SMD.3dshapes/C_0805_2012Metric.wrl
      (at (xyz 0 0 0))
      (scale (xyz 1 1 1))
      (rotate (xyz 0 0 0))
    )
  )

  (module Capacitor_SMD:C_0805_2012Metric_Pad1.15x1.40mm_HandSolder (layer F.Cu) (tedit 5B36C52B) (tstamp 5E7572FF)
    (at 173.465001 110.815001)
    (descr "Capacitor SMD 0805 (2012 Metric), square (rectangular) end terminal, IPC_7351 nominal with elongated pad for handsoldering. (Body size source: https://docs.google.com/spreadsheets/d/1BsfQQcO9C6DZCsRaXUlFlo91Tg2WpOkGARC1WS5S8t0/edit?usp=sharing), generated with kicad-footprint-generator")
    (tags "capacitor handsolder")
    (path /5E773239)
    (attr smd)
    (fp_text reference C3 (at 0 -1.65) (layer F.SilkS)
      (effects (font (size 1 1) (thickness 0.15)))
    )
    (fp_text value 0.1uF (at 0 1.65) (layer F.Fab)
      (effects (font (size 1 1) (thickness 0.15)))
    )
    (fp_text user %R (at 0 0) (layer F.Fab)
      (effects (font (size 0.5 0.5) (thickness 0.08)))
    )
    (fp_line (start 1.85 0.95) (end -1.85 0.95) (layer F.CrtYd) (width 0.05))
    (fp_line (start 1.85 -0.95) (end 1.85 0.95) (layer F.CrtYd) (width 0.05))
    (fp_line (start -1.85 -0.95) (end 1.85 -0.95) (layer F.CrtYd) (width 0.05))
    (fp_line (start -1.85 0.95) (end -1.85 -0.95) (layer F.CrtYd) (width 0.05))
    (fp_line (start -0.261252 0.71) (end 0.261252 0.71) (layer F.SilkS) (width 0.12))
    (fp_line (start -0.261252 -0.71) (end 0.261252 -0.71) (layer F.SilkS) (width 0.12))
    (fp_line (start 1 0.6) (end -1 0.6) (layer F.Fab) (width 0.1))
    (fp_line (start 1 -0.6) (end 1 0.6) (layer F.Fab) (width 0.1))
    (fp_line (start -1 -0.6) (end 1 -0.6) (layer F.Fab) (width 0.1))
    (fp_line (start -1 0.6) (end -1 -0.6) (layer F.Fab) (width 0.1))
    (pad 2 smd roundrect (at 1.025 0) (size 1.15 1.4) (layers F.Cu F.Paste F.Mask) (roundrect_rratio 0.217391)
      (net 4 GND))
    (pad 1 smd roundrect (at -1.025 0) (size 1.15 1.4) (layers F.Cu F.Paste F.Mask) (roundrect_rratio 0.217391)
      (net 5 +3V3))
    (model ${KISYS3DMOD}/Capacitor_SMD.3dshapes/C_0805_2012Metric.wrl
      (at (xyz 0 0 0))
      (scale (xyz 1 1 1))
      (rotate (xyz 0 0 0))
    )
  )

  (module Capacitor_SMD:C_0805_2012Metric_Pad1.15x1.40mm_HandSolder (layer F.Cu) (tedit 5B36C52B) (tstamp 5E757310)
    (at 136.415001 92.355001)
    (descr "Capacitor SMD 0805 (2012 Metric), square (rectangular) end terminal, IPC_7351 nominal with elongated pad for handsoldering. (Body size source: https://docs.google.com/spreadsheets/d/1BsfQQcO9C6DZCsRaXUlFlo91Tg2WpOkGARC1WS5S8t0/edit?usp=sharing), generated with kicad-footprint-generator")
    (tags "capacitor handsolder")
    (path /5E7340AE)
    (attr smd)
    (fp_text reference C4 (at 0 -1.65) (layer F.SilkS)
      (effects (font (size 1 1) (thickness 0.15)))
    )
    (fp_text value 1nF (at 0 1.65) (layer F.Fab)
      (effects (font (size 1 1) (thickness 0.15)))
    )
    (fp_line (start -1 0.6) (end -1 -0.6) (layer F.Fab) (width 0.1))
    (fp_line (start -1 -0.6) (end 1 -0.6) (layer F.Fab) (width 0.1))
    (fp_line (start 1 -0.6) (end 1 0.6) (layer F.Fab) (width 0.1))
    (fp_line (start 1 0.6) (end -1 0.6) (layer F.Fab) (width 0.1))
    (fp_line (start -0.261252 -0.71) (end 0.261252 -0.71) (layer F.SilkS) (width 0.12))
    (fp_line (start -0.261252 0.71) (end 0.261252 0.71) (layer F.SilkS) (width 0.12))
    (fp_line (start -1.85 0.95) (end -1.85 -0.95) (layer F.CrtYd) (width 0.05))
    (fp_line (start -1.85 -0.95) (end 1.85 -0.95) (layer F.CrtYd) (width 0.05))
    (fp_line (start 1.85 -0.95) (end 1.85 0.95) (layer F.CrtYd) (width 0.05))
    (fp_line (start 1.85 0.95) (end -1.85 0.95) (layer F.CrtYd) (width 0.05))
    (fp_text user %R (at 0 0) (layer F.Fab)
      (effects (font (size 0.5 0.5) (thickness 0.08)))
    )
    (pad 1 smd roundrect (at -1.025 0) (size 1.15 1.4) (layers F.Cu F.Paste F.Mask) (roundrect_rratio 0.217391)
      (net 2 RESET))
    (pad 2 smd roundrect (at 1.025 0) (size 1.15 1.4) (layers F.Cu F.Paste F.Mask) (roundrect_rratio 0.217391)
      (net 4 GND))
    (model ${KISYS3DMOD}/Capacitor_SMD.3dshapes/C_0805_2012Metric.wrl
      (at (xyz 0 0 0))
      (scale (xyz 1 1 1))
      (rotate (xyz 0 0 0))
    )
  )

  (module Capacitor_SMD:C_0805_2012Metric_Pad1.15x1.40mm_HandSolder (layer F.Cu) (tedit 5B36C52B) (tstamp 5E757321)
    (at 174.845001 105.465001)
    (descr "Capacitor SMD 0805 (2012 Metric), square (rectangular) end terminal, IPC_7351 nominal with elongated pad for handsoldering. (Body size source: https://docs.google.com/spreadsheets/d/1BsfQQcO9C6DZCsRaXUlFlo91Tg2WpOkGARC1WS5S8t0/edit?usp=sharing), generated with kicad-footprint-generator")
    (tags "capacitor handsolder")
    (path /5E7509C5)
    (attr smd)
    (fp_text reference C5 (at 0 -1.65) (layer F.SilkS)
      (effects (font (size 1 1) (thickness 0.15)))
    )
    (fp_text value 10nF (at 0 1.65) (layer F.Fab)
      (effects (font (size 1 1) (thickness 0.15)))
    )
    (fp_line (start -1 0.6) (end -1 -0.6) (layer F.Fab) (width 0.1))
    (fp_line (start -1 -0.6) (end 1 -0.6) (layer F.Fab) (width 0.1))
    (fp_line (start 1 -0.6) (end 1 0.6) (layer F.Fab) (width 0.1))
    (fp_line (start 1 0.6) (end -1 0.6) (layer F.Fab) (width 0.1))
    (fp_line (start -0.261252 -0.71) (end 0.261252 -0.71) (layer F.SilkS) (width 0.12))
    (fp_line (start -0.261252 0.71) (end 0.261252 0.71) (layer F.SilkS) (width 0.12))
    (fp_line (start -1.85 0.95) (end -1.85 -0.95) (layer F.CrtYd) (width 0.05))
    (fp_line (start -1.85 -0.95) (end 1.85 -0.95) (layer F.CrtYd) (width 0.05))
    (fp_line (start 1.85 -0.95) (end 1.85 0.95) (layer F.CrtYd) (width 0.05))
    (fp_line (start 1.85 0.95) (end -1.85 0.95) (layer F.CrtYd) (width 0.05))
    (fp_text user %R (at 0 0) (layer F.Fab)
      (effects (font (size 0.5 0.5) (thickness 0.08)))
    )
    (pad 1 smd roundrect (at -1.025 0) (size 1.15 1.4) (layers F.Cu F.Paste F.Mask) (roundrect_rratio 0.217391)
      (net 5 +3V3))
    (pad 2 smd roundrect (at 1.025 0) (size 1.15 1.4) (layers F.Cu F.Paste F.Mask) (roundrect_rratio 0.217391)
      (net 4 GND))
    (model ${KISYS3DMOD}/Capacitor_SMD.3dshapes/C_0805_2012Metric.wrl
      (at (xyz 0 0 0))
      (scale (xyz 1 1 1))
      (rotate (xyz 0 0 0))
    )
  )

  (module Capacitor_SMD:C_0805_2012Metric_Pad1.15x1.40mm_HandSolder (layer F.Cu) (tedit 5B36C52B) (tstamp 5E757332)
    (at 102.87 90.17 90)
    (descr "Capacitor SMD 0805 (2012 Metric), square (rectangular) end terminal, IPC_7351 nominal with elongated pad for handsoldering. (Body size source: https://docs.google.com/spreadsheets/d/1BsfQQcO9C6DZCsRaXUlFlo91Tg2WpOkGARC1WS5S8t0/edit?usp=sharing), generated with kicad-footprint-generator")
    (tags "capacitor handsolder")
    (path /5E71C516)
    (attr smd)
    (fp_text reference C6 (at 0 -1.65 90) (layer F.SilkS)
      (effects (font (size 1 1) (thickness 0.15)))
    )
    (fp_text value CAP (at 0 1.65 90) (layer F.Fab)
      (effects (font (size 1 1) (thickness 0.15)))
    )
    (fp_text user %R (at 0 0 90) (layer F.Fab)
      (effects (font (size 0.5 0.5) (thickness 0.08)))
    )
    (fp_line (start 1.85 0.95) (end -1.85 0.95) (layer F.CrtYd) (width 0.05))
    (fp_line (start 1.85 -0.95) (end 1.85 0.95) (layer F.CrtYd) (width 0.05))
    (fp_line (start -1.85 -0.95) (end 1.85 -0.95) (layer F.CrtYd) (width 0.05))
    (fp_line (start -1.85 0.95) (end -1.85 -0.95) (layer F.CrtYd) (width 0.05))
    (fp_line (start -0.261252 0.71) (end 0.261252 0.71) (layer F.SilkS) (width 0.12))
    (fp_line (start -0.261252 -0.71) (end 0.261252 -0.71) (layer F.SilkS) (width 0.12))
    (fp_line (start 1 0.6) (end -1 0.6) (layer F.Fab) (width 0.1))
    (fp_line (start 1 -0.6) (end 1 0.6) (layer F.Fab) (width 0.1))
    (fp_line (start -1 -0.6) (end 1 -0.6) (layer F.Fab) (width 0.1))
    (fp_line (start -1 0.6) (end -1 -0.6) (layer F.Fab) (width 0.1))
    (pad 2 smd roundrect (at 1.025 0 90) (size 1.15 1.4) (layers F.Cu F.Paste F.Mask) (roundrect_rratio 0.217391)
      (net 4 GND))
    (pad 1 smd roundrect (at -1.025 0 90) (size 1.15 1.4) (layers F.Cu F.Paste F.Mask) (roundrect_rratio 0.217391)
      (net 6 "Net-(C6-Pad1)"))
    (model ${KISYS3DMOD}/Capacitor_SMD.3dshapes/C_0805_2012Metric.wrl
      (at (xyz 0 0 0))
      (scale (xyz 1 1 1))
      (rotate (xyz 0 0 0))
    )
  )

  (module Capacitor_SMD:C_0805_2012Metric_Pad1.15x1.40mm_HandSolder (layer F.Cu) (tedit 5B36C52B) (tstamp 5E757343)
    (at 179.595001 105.465001)
    (descr "Capacitor SMD 0805 (2012 Metric), square (rectangular) end terminal, IPC_7351 nominal with elongated pad for handsoldering. (Body size source: https://docs.google.com/spreadsheets/d/1BsfQQcO9C6DZCsRaXUlFlo91Tg2WpOkGARC1WS5S8t0/edit?usp=sharing), generated with kicad-footprint-generator")
    (tags "capacitor handsolder")
    (path /5E71EB7F)
    (attr smd)
    (fp_text reference C7 (at 0 -1.65) (layer F.SilkS)
      (effects (font (size 1 1) (thickness 0.15)))
    )
    (fp_text value CAP (at 0 1.65) (layer F.Fab)
      (effects (font (size 1 1) (thickness 0.15)))
    )
    (fp_line (start -1 0.6) (end -1 -0.6) (layer F.Fab) (width 0.1))
    (fp_line (start -1 -0.6) (end 1 -0.6) (layer F.Fab) (width 0.1))
    (fp_line (start 1 -0.6) (end 1 0.6) (layer F.Fab) (width 0.1))
    (fp_line (start 1 0.6) (end -1 0.6) (layer F.Fab) (width 0.1))
    (fp_line (start -0.261252 -0.71) (end 0.261252 -0.71) (layer F.SilkS) (width 0.12))
    (fp_line (start -0.261252 0.71) (end 0.261252 0.71) (layer F.SilkS) (width 0.12))
    (fp_line (start -1.85 0.95) (end -1.85 -0.95) (layer F.CrtYd) (width 0.05))
    (fp_line (start -1.85 -0.95) (end 1.85 -0.95) (layer F.CrtYd) (width 0.05))
    (fp_line (start 1.85 -0.95) (end 1.85 0.95) (layer F.CrtYd) (width 0.05))
    (fp_line (start 1.85 0.95) (end -1.85 0.95) (layer F.CrtYd) (width 0.05))
    (fp_text user %R (at 0 0) (layer F.Fab)
      (effects (font (size 0.5 0.5) (thickness 0.08)))
    )
    (pad 1 smd roundrect (at -1.025 0) (size 1.15 1.4) (layers F.Cu F.Paste F.Mask) (roundrect_rratio 0.217391)
      (net 7 "Net-(C7-Pad1)"))
    (pad 2 smd roundrect (at 1.025 0) (size 1.15 1.4) (layers F.Cu F.Paste F.Mask) (roundrect_rratio 0.217391)
      (net 4 GND))
    (model ${KISYS3DMOD}/Capacitor_SMD.3dshapes/C_0805_2012Metric.wrl
      (at (xyz 0 0 0))
      (scale (xyz 1 1 1))
      (rotate (xyz 0 0 0))
    )
  )

  (module Capacitor_SMD:C_0805_2012Metric_Pad1.15x1.40mm_HandSolder (layer F.Cu) (tedit 5B36C52B) (tstamp 5E757354)
    (at 133.835001 46.695001)
    (descr "Capacitor SMD 0805 (2012 Metric), square (rectangular) end terminal, IPC_7351 nominal with elongated pad for handsoldering. (Body size source: https://docs.google.com/spreadsheets/d/1BsfQQcO9C6DZCsRaXUlFlo91Tg2WpOkGARC1WS5S8t0/edit?usp=sharing), generated with kicad-footprint-generator")
    (tags "capacitor handsolder")
    (path /5E70A48E/5E6EA76B)
    (attr smd)
    (fp_text reference C8 (at 0 -1.65) (layer F.SilkS)
      (effects (font (size 1 1) (thickness 0.15)))
    )
    (fp_text value 100pF (at 0 1.65) (layer F.Fab)
      (effects (font (size 1 1) (thickness 0.15)))
    )
    (fp_line (start -1 0.6) (end -1 -0.6) (layer F.Fab) (width 0.1))
    (fp_line (start -1 -0.6) (end 1 -0.6) (layer F.Fab) (width 0.1))
    (fp_line (start 1 -0.6) (end 1 0.6) (layer F.Fab) (width 0.1))
    (fp_line (start 1 0.6) (end -1 0.6) (layer F.Fab) (width 0.1))
    (fp_line (start -0.261252 -0.71) (end 0.261252 -0.71) (layer F.SilkS) (width 0.12))
    (fp_line (start -0.261252 0.71) (end 0.261252 0.71) (layer F.SilkS) (width 0.12))
    (fp_line (start -1.85 0.95) (end -1.85 -0.95) (layer F.CrtYd) (width 0.05))
    (fp_line (start -1.85 -0.95) (end 1.85 -0.95) (layer F.CrtYd) (width 0.05))
    (fp_line (start 1.85 -0.95) (end 1.85 0.95) (layer F.CrtYd) (width 0.05))
    (fp_line (start 1.85 0.95) (end -1.85 0.95) (layer F.CrtYd) (width 0.05))
    (fp_text user %R (at 0 0) (layer F.Fab)
      (effects (font (size 0.5 0.5) (thickness 0.08)))
    )
    (pad 1 smd roundrect (at -1.025 0) (size 1.15 1.4) (layers F.Cu F.Paste F.Mask) (roundrect_rratio 0.217391)
      (net 8 "Net-(C8-Pad1)"))
    (pad 2 smd roundrect (at 1.025 0) (size 1.15 1.4) (layers F.Cu F.Paste F.Mask) (roundrect_rratio 0.217391)
      (net 4 GND))
    (model ${KISYS3DMOD}/Capacitor_SMD.3dshapes/C_0805_2012Metric.wrl
      (at (xyz 0 0 0))
      (scale (xyz 1 1 1))
      (rotate (xyz 0 0 0))
    )
  )

  (module Capacitor_SMD:C_0805_2012Metric_Pad1.15x1.40mm_HandSolder (layer F.Cu) (tedit 5B36C52B) (tstamp 5E757365)
    (at 138.585001 46.695001)
    (descr "Capacitor SMD 0805 (2012 Metric), square (rectangular) end terminal, IPC_7351 nominal with elongated pad for handsoldering. (Body size source: https://docs.google.com/spreadsheets/d/1BsfQQcO9C6DZCsRaXUlFlo91Tg2WpOkGARC1WS5S8t0/edit?usp=sharing), generated with kicad-footprint-generator")
    (tags "capacitor handsolder")
    (path /5E70A48E/5E6EAB35)
    (attr smd)
    (fp_text reference C9 (at 0 -1.65) (layer F.SilkS)
      (effects (font (size 1 1) (thickness 0.15)))
    )
    (fp_text value 1.0uF (at 0 1.65) (layer F.Fab)
      (effects (font (size 1 1) (thickness 0.15)))
    )
    (fp_text user %R (at 0 0) (layer F.Fab)
      (effects (font (size 0.5 0.5) (thickness 0.08)))
    )
    (fp_line (start 1.85 0.95) (end -1.85 0.95) (layer F.CrtYd) (width 0.05))
    (fp_line (start 1.85 -0.95) (end 1.85 0.95) (layer F.CrtYd) (width 0.05))
    (fp_line (start -1.85 -0.95) (end 1.85 -0.95) (layer F.CrtYd) (width 0.05))
    (fp_line (start -1.85 0.95) (end -1.85 -0.95) (layer F.CrtYd) (width 0.05))
    (fp_line (start -0.261252 0.71) (end 0.261252 0.71) (layer F.SilkS) (width 0.12))
    (fp_line (start -0.261252 -0.71) (end 0.261252 -0.71) (layer F.SilkS) (width 0.12))
    (fp_line (start 1 0.6) (end -1 0.6) (layer F.Fab) (width 0.1))
    (fp_line (start 1 -0.6) (end 1 0.6) (layer F.Fab) (width 0.1))
    (fp_line (start -1 -0.6) (end 1 -0.6) (layer F.Fab) (width 0.1))
    (fp_line (start -1 0.6) (end -1 -0.6) (layer F.Fab) (width 0.1))
    (pad 2 smd roundrect (at 1.025 0) (size 1.15 1.4) (layers F.Cu F.Paste F.Mask) (roundrect_rratio 0.217391)
      (net 4 GND))
    (pad 1 smd roundrect (at -1.025 0) (size 1.15 1.4) (layers F.Cu F.Paste F.Mask) (roundrect_rratio 0.217391)
      (net 5 +3V3))
    (model ${KISYS3DMOD}/Capacitor_SMD.3dshapes/C_0805_2012Metric.wrl
      (at (xyz 0 0 0))
      (scale (xyz 1 1 1))
      (rotate (xyz 0 0 0))
    )
  )

  (module Capacitor_SMD:C_0805_2012Metric_Pad1.15x1.40mm_HandSolder (layer F.Cu) (tedit 5B36C52B) (tstamp 5E757376)
    (at 191.235001 46.695001)
    (descr "Capacitor SMD 0805 (2012 Metric), square (rectangular) end terminal, IPC_7351 nominal with elongated pad for handsoldering. (Body size source: https://docs.google.com/spreadsheets/d/1BsfQQcO9C6DZCsRaXUlFlo91Tg2WpOkGARC1WS5S8t0/edit?usp=sharing), generated with kicad-footprint-generator")
    (tags "capacitor handsolder")
    (path /5E70A878/5E6EAF56)
    (attr smd)
    (fp_text reference C10 (at 0 -1.65) (layer F.SilkS)
      (effects (font (size 1 1) (thickness 0.15)))
    )
    (fp_text value 0.1uF (at 0 1.65) (layer F.Fab)
      (effects (font (size 1 1) (thickness 0.15)))
    )
    (fp_line (start -1 0.6) (end -1 -0.6) (layer F.Fab) (width 0.1))
    (fp_line (start -1 -0.6) (end 1 -0.6) (layer F.Fab) (width 0.1))
    (fp_line (start 1 -0.6) (end 1 0.6) (layer F.Fab) (width 0.1))
    (fp_line (start 1 0.6) (end -1 0.6) (layer F.Fab) (width 0.1))
    (fp_line (start -0.261252 -0.71) (end 0.261252 -0.71) (layer F.SilkS) (width 0.12))
    (fp_line (start -0.261252 0.71) (end 0.261252 0.71) (layer F.SilkS) (width 0.12))
    (fp_line (start -1.85 0.95) (end -1.85 -0.95) (layer F.CrtYd) (width 0.05))
    (fp_line (start -1.85 -0.95) (end 1.85 -0.95) (layer F.CrtYd) (width 0.05))
    (fp_line (start 1.85 -0.95) (end 1.85 0.95) (layer F.CrtYd) (width 0.05))
    (fp_line (start 1.85 0.95) (end -1.85 0.95) (layer F.CrtYd) (width 0.05))
    (fp_text user %R (at 0 0) (layer F.Fab)
      (effects (font (size 0.5 0.5) (thickness 0.08)))
    )
    (pad 1 smd roundrect (at -1.025 0) (size 1.15 1.4) (layers F.Cu F.Paste F.Mask) (roundrect_rratio 0.217391)
      (net 5 +3V3))
    (pad 2 smd roundrect (at 1.025 0) (size 1.15 1.4) (layers F.Cu F.Paste F.Mask) (roundrect_rratio 0.217391)
      (net 4 GND))
    (model ${KISYS3DMOD}/Capacitor_SMD.3dshapes/C_0805_2012Metric.wrl
      (at (xyz 0 0 0))
      (scale (xyz 1 1 1))
      (rotate (xyz 0 0 0))
    )
  )

  (module Capacitor_SMD:C_0805_2012Metric_Pad1.15x1.40mm_HandSolder (layer F.Cu) (tedit 5B36C52B) (tstamp 5E757387)
    (at 157.405001 91.045001)
    (descr "Capacitor SMD 0805 (2012 Metric), square (rectangular) end terminal, IPC_7351 nominal with elongated pad for handsoldering. (Body size source: https://docs.google.com/spreadsheets/d/1BsfQQcO9C6DZCsRaXUlFlo91Tg2WpOkGARC1WS5S8t0/edit?usp=sharing), generated with kicad-footprint-generator")
    (tags "capacitor handsolder")
    (path /5E70B79C/5E6EAADE)
    (attr smd)
    (fp_text reference C11 (at 0 -1.65) (layer F.SilkS)
      (effects (font (size 1 1) (thickness 0.15)))
    )
    (fp_text value 100nF (at 0 1.65) (layer F.Fab)
      (effects (font (size 1 1) (thickness 0.15)))
    )
    (fp_line (start -1 0.6) (end -1 -0.6) (layer F.Fab) (width 0.1))
    (fp_line (start -1 -0.6) (end 1 -0.6) (layer F.Fab) (width 0.1))
    (fp_line (start 1 -0.6) (end 1 0.6) (layer F.Fab) (width 0.1))
    (fp_line (start 1 0.6) (end -1 0.6) (layer F.Fab) (width 0.1))
    (fp_line (start -0.261252 -0.71) (end 0.261252 -0.71) (layer F.SilkS) (width 0.12))
    (fp_line (start -0.261252 0.71) (end 0.261252 0.71) (layer F.SilkS) (width 0.12))
